2549
2550
2551
2556
2557
2558
2559
2578
2579
2580
2585
2586
2587
2668
2669
2670
2674
2676
2677
2696
2697
2698
2703
2704
2705
3018
3019
3020
3025
3026
3027
3045
3046
3047
3048
3053
3054
3055
3136
3137
3138
3141
3143
3144
3165
3166
3167
3172
3173
3174
4424
4425
4426
4431
4432
4433
4451
4452
4453
4454
4459
4460
4461
4541
4542
4543
4547
4549
4550
4571
4572
4573
4577
4578
4580
4893
4894
4895
4900
4901
4902
4920
4921
4922
4923
4928
4929
4930
5010
5011
5012
5016
5018
5019
5040
5041
5042
5046
5047
5049
2548
2546
2552
2554
2555
2561
2560
2577
2582
2581
2584
2589
2588
2666
2665
2671
2673
2675
2678
2695
2693
2699
2701
2702
2706
3017
3015
3021
3023
3024
3028
3044
3042
3050
3049
3052
3057
3056
3134
3133
3139
3140
3142
3145
3164
3162
3168
3170
3171
3175
4423
4421
4427
4429
4430
4434
4450
4448
4456
4455
4458
4463
4462
4540
4545
4544
4546
4548
4551
4570
4568
4574
4576
4579
4581
4892
4890
4896
4898
4899
4903
4919
4917
4925
4924
4927
4932
4931
5009
5014
5013
5015
5017
5020
5038
5037
5043
5045
5048
5050
2547
2545
2544
2553
2564
2562
2563
2576
2575
2583
2592
2591
2590
2667
2664
2663
2672
2680
2679
2694
2692
2691
2700
2708
2707
3016
3014
3013
3022
3030
3029
3043
3041
3040
3051
3060
3059
3058
3135
3132
3131
3148
3147
3146
3163
3161
3160
3169
3177
3176
4422
4420
4419
4428
4436
4435
4449
4447
4446
4457
4466
4465
4464
4539
4538
4537
4554
4553
4552
4569
4567
4566
4575
4583
4582
4891
4889
4888
4897
4905
4904
4918
4916
4915
4926
4935
4934
4933
5008
5007
5006
5023
5022
5021
5039
5036
5035
5044
5052
5051
2542
2543
2535
2534
2565
2566
2567
2573
2574
2593
2594
2596
2597
2662
2657
2655
2656
2681
2682
2687
2688
2690
2709
2710
2712
3011
3012
3004
3003
3031
3032
3037
3038
3039
3061
3062
3064
3065
3130
3125
3124
3149
3150
3151
3156
3157
3159
3178
3179
3181
4417
4418
4410
4409
4437
4438
4443
4444
4445
4467
4468
4470
4471
4536
4531
4530
4555
4556
4557
4562
4563
4565
4584
4585
4587
4886
4887
4879
4878
4906
4907
4912
4913
4914
4936
4937
4939
4940
5005
5000
4999
5024
5025
5026
5031
5033
5034
5053
5054
5056
2541
2537
2536
2533
2531
2569
2568
2572
2609
2608
2595
2599
2598
2660
2658
2654
2651
2650
2683
2686
2689
2721
2722
2711
2713
3010
3006
3005
3002
3000
3033
3035
3036
3077
3076
3063
3067
3066
3128
3126
3123
3120
3119
3152
3155
3158
3191
3192
3180
3182
4416
4412
4411
4408
4406
4439
4441
4442
4483
4482
4469
4473
4472
4535
4532
4529
4526
4525
4558
4561
4564
4597
4598
4586
4588
4885
4881
4880
4877
4875
4908
4910
4911
4952
4951
4938
4942
4941
5004
5001
4998
4995
4994
5027
5030
5032
5066
5067
5055
5057
2540
2539
2538
2532
2530
2529
2570
2571
2610
2606
2604
2600
2601
2661
2659
2653
2652
2649
2684
2685
2723
2720
2718
2714
2715
3009
3008
3007
3001
2999
2998
3034
3081
3078
3074
3072
3068
3069
3129
3127
3122
3121
3118
3153
3154
3193
3190
3187
3183
3184
4415
4414
4413
4407
4405
4404
4440
4487
4484
4480
4478
4474
4475
4534
4533
4528
4527
4524
4559
4560
4599
4596
4593
4589
4590
4884
4883
4882
4876
4874
4873
4909
4956
4953
4949
4947
4943
4944
5003
5002
4997
4996
4993
5028
5029
5068
5065
5062
5058
5059
2522
2523
2524
2527
2528
2493
2492
2612
2611
2607
2605
2603
2602
2638
2639
2640
2645
2647
2648
2726
2725
2724
2719
2717
2716
2991
2992
2993
2996
2997
2962
2961
3080
3079
3075
3073
3071
3070
3107
3108
3109
3114
3116
3117
3195
3194
3189
3188
3186
3185
4397
4398
4399
4402
4403
4368
4367
4486
4485
4481
4479
4477
4476
4512
4514
4515
4520
4522
4523
4601
4600
4595
4594
4592
4591
4866
4867
4868
4871
4872
4837
4836
4955
4954
4950
4948
4946
4945
4981
4983
4984
4989
4991
4992
5070
5069
5064
5063
5061
5060
2521
2519
2525
2526
2495
2494
2491
2489
2613
2614
2617
2618
2619
2636
2635
2641
2644
2646
2768
2727
2728
2729
2733
2734
2735
2990
2988
2994
2995
2964
2963
2960
2958
3082
3083
3086
3087
3088
3105
3104
3110
3112
3115
3237
3196
3197
3198
3202
3203
3204
4396
4394
4400
4401
4370
4369
4366
4364
4488
4489
4492
4493
4494
4511
4513
4516
4518
4521
4643
4602
4603
4604
4608
4609
4610
4865
4863
4869
4870
4839
4838
4835
4833
4957
4958
4961
4962
4963
4980
4982
4985
4987
4990
5112
5071
5072
5073
5077
5078
5079
2520
2518
2517
2500
2499
2496
2490
2488
2487
2615
2616
2620
2621
2637
2634
2642
2643
2769
2767
2766
2730
2731
2732
2736
2737
2989
2987
2986
2969
2968
2965
2959
2957
2956
3084
3085
3089
3090
3106
3103
3111
3113
3238
3236
3235
3199
3200
3201
3205
3206
4395
4393
4392
4375
4374
4371
4365
4363
4362
4490
4491
4495
4496
4510
4509
4517
4519
4644
4642
4641
4605
4606
4607
4611
4612
4864
4862
4861
4844
4843
4840
4834
4832
4831
4959
4960
4964
4965
4979
4978
4986
4988
5113
5111
5110
5074
5075
5076
5080
5081
2515
2516
2508
2501
2498
2497
2485
2486
2478
2477
2624
2623
2622
2630
2632
2633
2771
2770
2764
2763
2765
2753
2740
2739
2738
2984
2985
2977
2970
2967
2966
2954
2955
2947
2946
3093
3092
3091
3099
3101
3102
3240
3239
3233
3232
3234
3210
3209
3208
3207
4390
4391
4383
4376
4373
4372
4360
4361
4353
4352
4499
4498
4497
4505
4507
4508
4646
4645
4639
4638
4640
4616
4615
4614
4613
4859
4860
4852
4845
4842
4841
4829
4830
4822
4821
4968
4967
4966
4974
4976
4977
5115
5114
5108
5107
5109
5085
5084
5083
5082
2514
2510
2509
2507
2502
2503
2484
2480
2479
2475
2476
2625
2626
2629
2631
2780
2772
2773
2761
2762
2754
2752
2741
2742
2743
2983
2979
2978
2976
2971
2972
2953
2949
2948
2944
2945
3094
3095
3098
3100
3249
3241
3242
3230
3231
3223
3222
3211
3212
3213
4389
4385
4384
4382
4377
4378
4359
4355
4354
4350
4351
4500
4501
4504
4506
4655
4647
4648
4636
4637
4629
4628
4617
4618
4619
4858
4854
4853
4846
4847
4848
4828
4824
4823
4819
4820
4969
4970
4973
4975
5124
5116
5117
5105
5106
5098
5097
5086
5087
5088
2513
2512
2511
2506
2505
2504
2483
2482
2481
2474
2473
2472
2627
2628
2781
2779
2776
2774
2760
2757
2755
2751
2748
2744
2745
2982
2981
2980
2975
2974
2973
2952
2951
2950
2943
2942
2941
3096
3097
3250
3248
3245
3243
3229
3226
3224
3221
3218
3214
3215
4388
4387
4386
4381
4380
4379
4358
4357
4356
4349
4348
4347
4502
4503
4656
4654
4651
4649
4635
4632
4630
4627
4624
4620
4621
4857
4856
4855
4851
4850
4849
4827
4826
4825
4818
4817
4816
4971
4972
5125
5123
5120
5118
5104
5101
5099
5096
5093
5089
5090
2437
2438
2439
2445
2446
2448
2449
2464
2466
2467
2470
2471
2327
2783
2782
2778
2777
2775
2759
2758
2756
2750
2749
2747
2746
2897
2898
2899
2905
2906
2908
2927
2928
2930
2931
2937
2939
2940
3252
3251
3247
3246
3244
3228
3227
3225
3220
3219
3217
3216
4312
4313
4314
4320
4321
4323
4338
4339
4341
4342
4345
4346
4202
4658
4657
4653
4652
4650
4634
4633
4631
4626
4625
4623
4622
4772
4773
4774
4780
4781
4783
4802
4803
4805
4806
4812
4814
4815
5127
5126
5122
5121
5119
5103
5102
5100
5095
5094
5092
5091
2436
2435
2440
2444
2443
2447
2450
2463
2465
2468
2469
2328
2326
2325
2784
2785
2788
2789
2790
2808
2809
2810
2814
2813
2815
2896
2895
2900
2904
2903
2907
2926
2925
2929
2932
2936
2938
3408
3253
3254
3255
3260
3261
3262
3283
3284
3285
3289
3288
3290
4311
4310
4315
4319
4318
4322
4337
4336
4340
4343
4344
4203
4201
4200
4659
4660
4663
4664
4665
4683
4684
4685
4687
4688
4689
4771
4770
4775
4779
4778
4782
4801
4800
4804
4807
4811
4813
5283
5128
5129
5130
5135
5136
5137
5157
5158
5159
5162
5163
5164
2434
2433
2432
2441
2442
2451
2452
2462
2461
2333
2332
2329
2324
2323
2322
2786
2787
2791
2792
2807
2806
2805
2811
2812
2816
2894
2893
2892
2901
2902
2909
2924
2923
2922
2933
2935
3409
3407
3406
3256
3257
3259
3263
3264
3282
3281
3280
3286
3287
3291
4309
4308
4307
4316
4317
4324
4335
4334
4333
4208
4207
4204
4199
4198
4197
4661
4662
4666
4667
4682
4681
4680
4686
4690
4691
4769
4768
4767
4776
4777
4784
4799
4798
4797
4808
4810
5284
5282
5281
5131
5132
5134
5138
5139
5156
5155
5160
5161
5165
5166
2430
2431
2423
2422
2455
2454
2453
2459
2460
2334
2331
2330
2319
2320
2321
2312
2795
2794
2793
2801
2802
2804
2819
2818
2817
2890
2891
2883
2882
2911
2910
2918
2919
2921
2934
3411
3410
3403
3404
3405
3258
3267
3266
3265
3276
3277
3279
3294
3293
3292
4305
4306
4298
4297
4326
4325
4330
4331
4332
4209
4206
4205
4194
4195
4196
4187
4670
4669
4668
4676
4677
4679
4694
4693
4692
4765
4766
4758
4757
4786
4785
4793
4794
4796
4809
5286
5285
5278
5279
5280
5133
5142
5141
5140
5151
5153
5154
5169
5168
5167
2429
2425
2424
2421
2420
2456
2457
2345
2344
2343
2335
2336
2318
2317
2313
2311
2310
2796
2797
2800
2803
2831
2821
2820
2822
2889
2885
2884
2881
2880
2912
2917
2916
2920
3420
3412
3413
3402
3401
3397
3396
3268
3269
3270
3275
3278
3306
3296
3295
3297
4304
4300
4299
4296
4295
4327
4329
4220
4219
4218
4210
4211
4193
4192
4188
4186
4185
4671
4672
4675
4678
4706
4695
4696
4697
4764
4760
4759
4756
4755
4787
4792
4791
4795
5295
5287
5288
5277
5276
5272
5271
5143
5144
5145
5150
5152
5181
5170
5171
5172
2428
2426
2427
2419
2417
2418
2458
2346
2347
2342
2340
2337
2316
2315
2314
2309
2308
2307
2798
2799
2832
2830
2827
2823
2824
2888
2886
2887
2879
2877
2878
2914
2915
3421
3419
3417
3414
3400
3399
3398
3395
3394
3271
3272
3274
3307
3305
3302
3298
3299
4303
4301
4302
4294
4292
4293
4328
4221
4222
4217
4215
4212
4191
4190
4189
4184
4183
4182
4673
4674
4707
4705
4702
4698
4699
4763
4761
4762
4754
4752
4753
4789
4790
5296
5294
5292
5289
5275
5274
5273
5270
5269
5146
5147
5149
5182
5180
5177
5173
5174
2405
2406
2408
2413
2414
2416
2350
2349
2348
2341
2339
2338
2297
2298
2300
2301
2305
2306
2270
2834
2833
2829
2828
2826
2825
2862
2863
2865
2872
2873
2876
2913
3423
3422
3418
3416
3415
3384
3385
3387
3388
3392
3393
3273
3309
3308
3304
3303
3301
3300
4281
4282
4284
4289
4290
4256
4225
4224
4223
4216
4214
4213
4172
4173
4175
4176
4180
4181
4145
4709
4708
4704
4703
4701
4700
4737
4738
4740
4747
4748
4751
4788
5298
5297
5293
5291
5290
5259
5260
5262
5263
5267
5268
5148
5184
5183
5179
5178
5176
5175
2404
2407
2409
2412
2415
2381
2351
2352
2353
2354
2361
2362
2296
2295
2299
2302
2304
2271
2269
2268
2835
2836
2841
2842
2843
2861
2864
2866
2871
2874
2875
3424
3425
3426
3427
3434
3435
3383
3382
3386
3389
3391
3352
3351
3310
3311
3312
3319
3320
3321
4280
4283
4285
4288
4291
4257
4226
4227
4228
4229
4236
4237
4171
4170
4174
4177
4179
4146
4144
4143
4710
4711
4715
4716
4717
4736
4739
4741
4746
4749
4750
5299
5300
5301
5302
5309
5310
5258
5257
5261
5264
5266
5227
5226
5185
5186
5187
5193
5194
5195
2403
2402
2410
2411
2383
2382
2380
2356
2355
2357
2360
2363
2294
2293
2292
2303
2274
2272
2267
2266
2265
2837
2839
2840
2844
2860
2859
2867
2869
2870
3460
3459
3429
3428
3430
3433
3436
3381
3380
3379
3390
3355
3353
3350
3349
3314
3313
3317
3318
3322
4279
4278
4286
4287
4259
4258
4255
4231
4230
4232
4235
4238
4169
4168
4167
4178
4149
4147
4142
4141
4140
4712
4714
4719
4718
4735
4734
4742
4744
4745
5335
5334
5304
5303
5305
5308
5311
5256
5255
5254
5265
5230
5228
5225
5224
5189
5188
5192
5197
5196
2399
2400
2393
2386
2385
2384
2378
2379
2358
2359
2365
2364
2289
2290
2291
2276
2275
2273
2262
2263
2264
2255
2838
2846
2845
2854
2855
2857
2868
3462
3461
3456
3457
3431
3432
3438
3437
3376
3377
3378
3357
3356
3354
3346
3347
3348
3315
3316
3324
3323
4275
4276
4269
4262
4261
4260
4252
4253
4233
4234
4240
4239
4164
4165
4166
4151
4150
4148
4137
4138
4139
4130
4713
4721
4720
4729
4730
4732
4743
5337
5336
5331
5332
5306
5307
5313
5312
5251
5252
5253
5232
5231
5229
5221
5222
5223
5190
5191
5199
5198
2398
2401
2394
2387
2388
2390
2377
2376
2372
2366
2367
2369
2288
2287
2283
2282
2277
2280
2261
2260
2256
2254
2253
2847
2848
2853
2856
2858
3463
3464
3466
3455
3458
3448
3439
3440
3442
3375
3374
3367
3366
3358
3361
3345
3344
3337
3336
3325
3326
3328
4274
4277
4270
4263
4264
4266
4251
4254
4247
4241
4242
4244
4163
4162
4158
4157
4152
4155
4136
4135
4131
4129
4128
4722
4723
4728
4731
4733
5338
5339
5341
5330
5333
5323
5314
5315
5317
5250
5249
5242
5241
5233
5236
5220
5219
5213
5211
5200
5201
5203
2397
2396
2395
2392
2389
2391
2375
2374
2373
2371
2368
2370
2286
2285
2284
2281
2278
2279
2259
2258
2257
2252
2251
2250
2849
2851
2852
3472
3471
3465
3467
3454
3450
3449
3447
3441
3443
3373
3370
3368
3365
3359
3360
3343
3340
3338
3335
3332
3327
3329
4273
4272
4271
4268
4265
4267
4250
4249
4248
4246
4243
4245
4161
4160
4159
4156
4153
4154
4134
4133
4132
4127
4126
4125
4724
4726
4727
5347
5345
5340
5342
5329
5325
5324
5322
5316
5318
5248
5246
5243
5240
5234
5235
5218
5215
5212
5210
5207
5202
5204
2085
2086
2089
2095
2096
2099
2120
2121
2123
2130
2131
2133
2134
2209
2211
2212
2218
2221
2222
2239
2241
2243
2247
2248
2249
2850
3474
3473
3470
3469
3468
3453
3452
3451
3446
3445
3444
3372
3371
3369
3364
3363
3362
3342
3341
3339
3334
3333
3331
3330
3944
3945
3948
3954
3955
3958
3977
3978
3981
3988
3989
3991
3992
4075
4077
4078
4084
4087
4088
4110
4112
4114
4119
4122
4124
4725
5349
5348
5346
5344
5343
5328
5327
5326
5321
5320
5319
5247
5245
5244
5239
5238
5237
5217
5216
5214
5209
5208
5206
5205
2084
2087
2088
2094
2097
2098
2100
2119
2122
2124
2129
2132
2135
2208
2210
2213
2217
2220
2223
2238
2240
2242
2246
1649
1648
1647
3475
3476
3481
3482
3483
3501
3502
3503
3504
3509
3510
3511
3593
3594
3595
3598
3600
3601
3621
3622
3623
3628
3629
3630
3943
3946
3947
3953
3956
3957
3976
3979
3980
3982
3987
3990
3993
4074
4076
4079
4083
4086
4089
4109
4111
4113
4118
4120
4123
5350
5351
5353
5359
5360
5361
5382
5383
5384
5385
5390
5391
5392
5480
5481
5482
5486
5488
5489
5509
5510
5511
5515
5516
5518
2083
2081
2090
2092
2093
2102
2101
2118
2126
2125
2128
2137
2136
2206
2205
2214
2216
2219
2224
2237
2235
2244
2245
1650
1645
1646
1642
3477
3479
3480
3484
3500
3498
3506
3505
3508
3513
3512
3591
3590
3596
3597
3599
3602
3620
3618
3624
3626
3627
3631
3942
3940
3949
3951
3952
3959
3975
3973
3984
3983
3986
3995
3994
4073
4081
4080
4082
4085
4090
4108
4106
4115
4117
4121
5997
5998
5352
5354
5357
5358
5362
5381
5379
5387
5386
5389
5394
5393
5479
5484
5483
5485
5487
5490
5507
5506
5512
5514
5517
5519
2082
2080
2079
2091
2105
2103
2104
2117
2116
2127
2140
2139
2138
2207
2204
2203
2215
2226
2225
2236
2234
2233
1652
1651
1644
1643
1641
1640
3478
3486
3485
3499
3497
3496
3507
3516
3515
3514
3592
3589
3588
3605
3604
3603
3619
3617
3616
3625
3633
3632
3941
3939
3938
3950
3961
3960
3974
3972
3971
3985
3998
3997
3996
4072
4071
4070
4093
4092
4091
4107
4105
4104
4116
5999
5996
5995
5994
5355
5356
5364
5363
5380
5378
5377
5388
5397
5396
5395
5478
5477
5476
5493
5492
5491
5508
5505
5504
5513
5521
5520
2077
2078
2070
2069
2106
2107
2108
2114
2115
2141
2142
2144
2145
2202
2197
2195
2196
2227
2228
2231
2232
1661
1653
1654
1638
1637
1639
1628
1627
3487
3488
3493
3494
3495
3517
3518
3520
3521
3587
3582
3581
3606
3607
3608
3612
3613
3615
3634
3635
3637
3936
3937
3929
3928
3962
3963
3968
3969
3970
3999
4000
4002
4003
4069
4064
4063
4094
4095
4096
4100
4101
4103
6000
6001
5992
5991
5993
5982
5365
5366
5368
5374
5375
5376
5398
5399
5401
5402
5475
5470
5469
5494
5495
5496
5500
5502
5503
5522
5523
5525
2076
2072
2071
2068
2066
2110
2109
2113
2153
2152
2143
2147
2146
2200
2198
2194
2191
2190
2229
2230
1662
1659
1660
1655
1635
1636
1630
1629
1626
1624
3489
3491
3492
3529
3528
3519
3523
3522
3585
3583
3580
3577
3576
3609
3611
3614
3643
3644
3636
3638
3935
3931
3930
3927
3925
3964
3966
3967
4011
4010
4001
4005
4004
4068
4065
4062
4059
4058
4097
4099
4102
6006
6007
6002
5989
5990
5984
5983
5981
5367
5369
5372
5373
5410
5409
5400
5404
5403
5474
5471
5468
5465
5464
5497
5499
5501
5531
5532
5524
5526
2075
2074
2073
2067
2065
2064
2111
2112
2154
2151
2150
2148
2149
2201
2199
2193
2192
2189
1665
1664
1663
1658
1657
1656
1634
1633
1632
1631
1625
1623
1622
3490
3531
3530
3527
3526
3524
3525
3586
3584
3579
3578
3575
3574
3610
3645
3642
3641
3639
3640
3934
3933
3932
3926
3924
3923
3965
4013
4012
4009
4008
4006
4007
4067
4066
4061
4060
4057
4056
4098
6008
6005
6004
6003
5988
5987
5986
5985
5980
5979
5370
5371
5412
5411
5408
5407
5405
5406
5473
5472
5467
5466
5463
5462
5498
5533
5530
5529
5527
5528
2057
2058
2059
2062
2063
2028
2027
2155
2156
2157
2163
2164
2165
2182
2183
2184
2187
2188
1666
1667
1668
1670
1677
1678
1615
1614
1616
1617
1620
1621
1580
1579
3532
3533
3534
3540
3541
3542
3563
3564
3565
3570
3572
3573
3646
3647
3649
3656
3657
3658
3916
3917
3918
3921
3922
3887
3886
4014
4015
4016
4022
4023
4024
4044
4045
4046
4052
4054
4055
6009
6010
6012
6018
6019
5972
5971
5973
5974
5977
5978
5937
5413
5414
5416
5417
5424
5425
5426
5450
5451
5452
5458
5460
5461
5534
5537
5538
5544
5545
5547
2056
2054
2060
2061
2030
2029
2026
2024
2159
2158
2162
2167
2166
2180
2179
2185
1711
1708
1706
1707
1669
1671
1675
1676
1612
1613
1609
1618
1619
1582
1581
1578
1576
3536
3535
3539
3544
3543
3561
3560
3566
3568
3571
3692
3693
3648
3650
3654
3655
3659
3915
3913
3919
3920
3889
3888
3885
3883
4018
4017
4021
4026
4025
4043
4048
4047
4050
4053
6048
6049
6011
6013
6017
6020
5969
5970
5966
5975
5976
5939
5938
5936
5415
5419
5418
5423
5428
5427
5449
5454
5453
5456
5459
5581
5535
5536
5539
5543
5546
5548
2055
2053
2052
2035
2034
2031
2025
2023
2022
2160
2161
2168
2169
2181
2178
2186
1712
1709
1705
1704
1672
1673
1674
1679
1611
1610
1608
1607
1587
1586
1583
1577
1575
1574
3537
3538
3545
3546
3562
3559
3567
3569
3694
3691
3690
3651
3652
3653
3660
3661
3914
3912
3911
3894
3893
3890
3884
3882
3881
4019
4020
4027
4028
4042
4041
4049
4051
6050
6047
6046
6014
6015
6016
6021
5968
5967
5965
5964
5944
5943
5940
5935
5934
5420
5421
5422
5429
5430
5448
5447
5455
5457
5582
5580
5579
5540
5541
5542
5549
5550
2050
2051
2043
2036
2033
2032
2020
2021
2013
2012
2172
2171
2170
2177
1724
1714
1713
1710
1702
1701
1703
1691
1681
1680
1605
1604
1606
1595
1588
1585
1584
1572
1573
1565
1564
3549
3548
3547
3555
3557
3558
3696
3695
3688
3687
3689
3665
3664
3663
3662
3909
3910
3902
3895
3892
3891
3879
3880
3872
3871
4031
4030
4029
4037
4039
4040
6052
6051
6044
6043
6045
6024
6023
6022
5962
5961
5963
5952
5945
5942
5941
5932
5933
5925
5434
5433
5432
5431
5443
5445
5446
5584
5583
5577
5576
5578
5554
5553
5552
5551
2049
2045
2044
2042
2037
2038
2019
2015
2014
2010
2011
2173
2174
2176
1725
1723
1715
1716
1699
1700
1692
1690
1682
1683
1603
1602
1597
1596
1594
1589
1590
1571
1567
1566
1562
1563
3550
3551
3554
3556
3705
3697
3698
3685
3686
3678
3677
3666
3667
3668
3908
3904
3903
3901
3896
3897
3878
3874
3873
3869
3870
4032
4033
4036
4038
6061
6053
6054
6041
6042
6034
6033
6025
6026
5960
5959
5954
5953
5946
5947
5948
5931
5927
5926
5924
5435
5436
5437
5442
5444
5593
5585
5586
5574
5575
5567
5566
5555
5556
5557
2048
2047
2046
2041
2040
2039
2018
2017
2016
2009
2008
2007
2175
1728
1726
1722
1719
1717
1698
1695
1693
1689
1686
1684
1601
1600
1599
1598
1593
1592
1591
1570
1569
1568
1561
1560
1559
3552
3553
3706
3704
3701
3699
3684
3681
3679
3676
3673
3669
3670
3907
3906
3905
3900
3899
3898
3877
3876
3875
3868
3867
3866
4034
4035
6062
6060
6057
6055
6040
6037
6035
6032
6029
6027
5958
5957
5956
5955
5951
5950
5949
5930
5929
5928
5923
5922
5438
5439
5441
5594
5592
5589
5587
5573
5570
5568
5565
5562
5558
5559
1972
1973
1974
1979
1980
1982
1983
1999
2001
2002
2005
2006
1730
1729
1727
1721
1720
1718
1697
1696
1694
1688
1687
1685
1523
1524
1525
1526
1531
1532
1534
1550
1551
1553
1554
1557
1558
1402
3708
3707
3703
3702
3700
3683
3682
3680
3675
3674
3672
3671
3822
3823
3824
3829
3830
3832
3852
3853
3855
3856
3862
3864
3865
6064
6063
6059
6058
6056
6039
6038
6036
6031
6030
6028
5886
5887
5888
5889
5894
5895
5897
5913
5914
5916
5917
5920
5921
5440
5596
5595
5591
5590
5588
5572
5571
5569
5564
5563
5561
5560
1970
1971
1975
1977
1978
1981
1984
1998
2000
2003
2004
1863
1862
1731
1732
1733
1738
1739
1740
1761
1762
1763
1765
1766
1522
1520
1521
1527
1529
1530
1533
1548
1549
1552
1555
1556
1403
1400
1401
3709
3710
3713
3714
3715
3733
3734
3735
3737
3738
3739
3820
3821
3825
3827
3828
3831
3850
3851
3854
3857
3861
3863
6208
6065
6066
6067
6072
6073
6074
6095
6096
6097
6099
6100
5885
5883
5884
5890
5892
5893
5896
5911
5912
5915
5918
5919
5753
5752
5597
5598
5599
5604
5605
5606
5626
5627
5628
5631
5632
5633
1969
1968
1967
1976
1990
1985
1986
1997
1996
1868
1867
1864
1861
1860
1734
1735
1737
1741
1742
1760
1759
1758
1764
1767
1519
1518
1517
1516
1528
1538
1535
1547
1546
1545
1408
1407
1404
1399
1398
1397
3711
3712
3716
3717
3732
3731
3730
3736
3740
3741
3819
3818
3817
3826
3836
3833
3849
3848
3847
3858
3860
6209
6207
6206
6068
6069
6071
6075
6076
6094
6093
6092
6098
6101
5882
5881
5880
5879
5891
5901
5898
5910
5909
5908
5758
5757
5754
5751
5750
5600
5601
5603
5607
5608
5625
5624
5629
5630
5634
5635
1965
1966
1958
1957
1989
1988
1987
1994
1995
1869
1866
1865
1857
1858
1859
1736
1745
1744
1743
1754
1755
1757
1769
1768
1513
1514
1515
1504
1503
1537
1536
1542
1543
1544
1409
1406
1405
1394
1395
1396
1387
3720
3719
3718
3726
3727
3729
3744
3743
3742
3815
3816
3808
3807
3835
3834
3843
3844
3846
3859
6211
6210
6203
6204
6205
6070
6079
6078
6077
6088
6089
6091
6103
6102
5876
5877
5878
5867
5866
5900
5899
5905
5906
5907
5759
5756
5755
5747
5748
5749
5602
5611
5610
5609
5620
5622
5623
5638
5637
5636
1964
1960
1959
1956
1955
1991
1992
1880
1879
1878
1870
1871
1856
1855
1851
1850
1746
1747
1748
1753
1756
1778
1771
1770
1512
1511
1506
1505
1502
1501
1539
1541
1420
1419
1418
1410
1411
1393
1392
1388
1386
1385
3721
3722
3725
3728
3756
3746
3745
3747
3814
3810
3809
3806
3805
3837
3842
3841
3845
6220
6212
6213
6202
6201
6197
6196
6080
6081
6082
6087
6090
6112
6104
6105
5875
5874
5869
5868
5865
5864
5902
5904
5770
5769
5768
5760
5761
5746
5745
5741
5740
5612
5613
5614
5619
5621
5650
5639
5640
5641
1963
1961
1962
1954
1952
1953
1993
1881
1882
1877
1875
1872
1854
1853
1852
1849
1848
1749
1750
1752
1779
1777
1774
1772
1510
1509
1507
1508
1500
1498
1499
1540
1421
1422
1417
1415
1412
1391
1390
1389
1384
1383
1382
3723
3724
3757
3755
3752
3748
3749
3813
3811
3812
3804
3802
3803
3839
3840
6221
6219
6217
6214
6200
6199
6198
6195
6194
6083
6084
6086
6113
6111
6108
6106
5873
5872
5870
5871
5863
5861
5862
5903
5771
5772
5767
5765
5762
5744
5743
5742
5739
5738
5615
5616
5618
5651
5649
5646
5642
5643
1940
1941
1943
1948
1949
1951
1885
1884
1883
1876
1874
1873
1838
1839
1841
1842
1846
1847
1751
1781
1780
1776
1775
1773
1486
1487
1488
1490
1495
1496
1456
1425
1424
1423
1416
1414
1413
1372
1373
1375
1376
1380
1381
1345
3759
3758
3754
3753
3751
3750
3787
3788
3790
3797
3798
3801
3838
6223
6222
6218
6216
6215
6184
6185
6187
6188
6192
6193
6085
6115
6114
6110
6109
6107
5850
5851
5852
5854
5858
5859
5812
5775
5774
5773
5766
5764
5763
5728
5729
5731
5732
5736
5737
5617
5653
5652
5648
5647
5645
5644
1939
1942
1944
1947
1950
1916
1886
1887
1888
1889
1896
1897
1837
1836
1840
1843
1845
1812
1811
1782
1783
1784
1791
1792
1485
1484
1489
1491
1494
1497
1457
1426
1427
1428
1429
1436
1437
1371
1370
1374
1377
1379
1346
1344
1343
3760
3761
3766
3767
3768
3786
3789
3791
3796
3799
3800
6224
6225
6226
6227
6234
6235
6183
6182
6186
6189
6191
6152
6151
6116
6117
6118
6124
6125
5849
5848
5853
5855
5857
5860
5813
5776
5777
5778
5779
5786
5787
5727
5726
5730
5733
5735
5696
5695
5654
5655
5656
5662
5663
5664
1938
1937
1945
1946
1918
1917
1915
1891
1890
1892
1895
1898
1835
1834
1833
1844
1815
1813
1810
1809
1786
1785
1789
1790
1483
1482
1481
1492
1493
1459
1458
1455
1431
1430
1432
1435
1438
1369
1368
1367
1378
1349
1347
1342
1341
1340
3762
3764
3765
3769
3785
3784
3792
3794
3795
6260
6259
6229
6228
6230
6233
6236
6181
6180
6179
6190
6155
6153
6150
6149
6120
6119
6123
6126
5847
5846
5845
5856
5818
5815
5814
5811
5781
5780
5782
5785
5788
5725
5724
5723
5734
5699
5697
5694
5693
5658
5657
5661
5666
5665
1934
1935
1928
1921
1920
1919
1913
1914
1893
1894
1900
1899
1830
1831
1832
1817
1816
1814
1806
1807
1808
1787
1788
1793
1477
1478
1479
1469
1462
1461
1460
1452
1453
1433
1434
1440
1439
1364
1365
1366
1351
1350
1348
1337
1338
1339
1330
3763
3771
3770
3779
3780
3782
3793
6262
6261
6256
6257
6231
6232
6238
6237
6176
6177
6178
6157
6156
6154
6146
6147
6148
6121
6122
6127
5841
5842
5843
5829
5819
5817
5816
5808
5809
5783
5784
5790
5789
5720
5721
5722
5701
5700
5698
5690
5691
5692
5659
5660
5668
5667
1933
1936
1929
1922
1923
1924
1912
1911
1907
1901
1902
1903
1829
1828
1824
1823
1818
1819
1805
1804
1800
1799
1794
1795
1476
1475
1480
1470
1463
1464
1465
1451
1454
1447
1441
1442
1443
1363
1362
1358
1357
1352
1353
1336
1335
1331
1329
1328
3772
3773
3778
3781
3783
6263
6264
6265
6255
6258
6248
6239
6240
6241
6175
6174
6167
6166
6158
6159
6145
6144
6137
6136
6128
6129
5840
5839
5844
5830
5820
5821
5822
5807
5810
5800
5791
5792
5793
5719
5718
5711
5710
5702
5703
5689
5688
5681
5680
5669
5670
5671
1932
1931
1930
1927
1926
1925
1910
1909
1908
1906
1905
1904
1827
1826
1825
1822
1821
1820
1803
1802
1801
1798
1797
1796
1474
1473
1472
1471
1468
1467
1466
1450
1449
1448
1446
1445
1444
1361
1360
1359
1356
1355
1354
1334
1333
1332
1327
1326
1325
3774
3776
3777
6272
6271
6267
6266
6254
6250
6249
6247
6245
6242
6173
6171
6168
6165
6162
6160
6143
6140
6138
6135
6132
6130
5838
5835
5832
5831
5827
5824
5823
5806
5802
5801
5799
5797
5794
5717
5715
5712
5709
5706
5704
5687
5684
5682
5679
5676
5673
5672
650
651
654
660
661
664
685
686
688
695
696
698
699
783
785
786
792
795
796
816
818
820
826
827
830
1144
1145
1148
1154
1155
1158
1177
1178
1181
1188
1189
1191
1192
1277
1279
1280
1285
1288
1289
1310
1312
1314
1320
1321
1324
3775
6274
6273
6270
6269
6268
6253
6252
6251
6246
6244
6243
6172
6170
6169
6164
6163
6161
6142
6141
6139
6134
6133
6131
5837
5836
5834
5833
5828
5826
5825
5805
5804
5803
5798
5796
5795
5716
5714
5713
5708
5707
5705
5686
5685
5683
5678
5677
5675
5674
649
652
653
659
662
663
665
684
687
689
694
697
700
782
784
787
791
794
797
815
817
819
825
828
829
1143
1146
1147
1153
1156
1157
1176
1179
1180
1182
1187
1190
1193
1276
1278
1281
1284
1287
1290
1309
1311
1313
1319
1322
1323
6275
6276
6278
6284
6285
6286
6307
6308
6309
6310
6315
6316
6317
6406
6407
6408
6412
6414
6415
6434
6435
6436
6440
6441
6443
6768
6769
6770
6775
6776
6777
6795
6796
6797
6798
6803
6804
6805
6887
6888
6889
6893
6895
6896
6915
6916
6917
6921
6922
6924
648
646
655
657
658
667
666
683
691
690
693
702
701
780
779
788
790
793
798
814
812
821
823
824
831
1142
1140
1149
1151
1152
1159
1175
1173
1184
1183
1186
1195
1194
1274
1273
1282
1283
1286
1291
1308
1306
1315
1317
1318
8822
8823
6277
6279
6282
6283
6287
6306
6304
6312
6311
6314
6319
6318
6405
6410
6409
6411
6413
6416
6433
6431
6437
6439
6442
6444
6767
6765
6771
6773
6774
6778
6794
6792
6800
6799
6802
6807
6806
6886
6891
6890
6892
6894
6897
6913
6912
6918
6920
6923
6925
647
645
644
656
670
668
669
682
681
692
705
704
703
781
778
777
789
800
799
813
811
810
822
833
832
1141
1139
1138
1150
1161
1160
1174
1172
1171
1185
1198
1197
1196
1275
1272
1271
1294
1293
1292
1307
1305
1304
1316
8824
8821
8820
8819
6280
6281
6289
6288
6305
6303
6302
6313
6322
6321
6320
6404
6403
6402
6419
6418
6417
6432
6430
6429
6438
6446
6445
6766
6764
6763
6772
6780
6779
6793
6791
6790
6801
6810
6809
6808
6885
6884
6883
6900
6899
6898
6914
6911
6910
6919
6927
6926
642
643
635
634
671
672
673
679
680
706
707
709
710
776
771
770
769
801
802
806
807
809
834
835
837
1136
1137
1129
1128
1162
1163
1168
1169
1170
1199
1200
1202
1203
1270
1265
1264
1263
1295
1296
1300
1301
1303
8825
8826
8817
8816
8818
8807
6290
6291
6293
6299
6300
6301
6323
6324
6326
6327
6401
6396
6395
6394
6420
6421
6425
6426
6428
6447
6448
6450
6761
6762
6754
6753
6781
6782
6787
6788
6789
6811
6812
6814
6815
6882
6877
6876
6875
6901
6902
6906
6908
6909
6928
6929
6931
641
637
636
633
631
675
674
678
718
717
708
712
711
774
772
768
765
764
803
805
808
843
844
836
838
1135
1131
1130
1127
1125
1164
1166
1167
1211
1210
1201
1205
1204
1268
1266
1262
1259
1258
1297
1299
1302
8831
8832
8827
8814
8815
8809
8808
8806
6292
6294
6297
6298
6335
6334
6325
6329
6328
6400
6397
6393
6390
6389
6422
6424
6427
6456
6457
6449
6451
6760
6756
6755
6752
6750
6783
6785
6786
6823
6822
6813
6817
6816
6881
6878
6874
6871
6870
6903
6905
6907
6937
6938
6930
6932
640
639
638
632
630
629
676
677
719
716
715
713
714
775
773
767
766
763
762
804
845
842
841
839
840
1134
1133
1132
1126
1124
1123
1165
1213
1212
1209
1208
1206
1207
1269
1267
1261
1260
1257
1256
1298
8833
8830
8829
8828
8813
8812
8811
8810
8805
8804
6295
6296
6337
6336
6333
6332
6330
6331
6399
6398
6392
6391
6388
6387
6423
6458
6455
6454
6452
6453
6759
6758
6757
6751
6749
6748
6784
6825
6824
6821
6820
6818
6819
6880
6879
6873
6872
6869
6868
6904
6939
6936
6935
6933
6934
622
623
624
627
628
593
592
720
721
722
728
729
730
751
752
753
758
760
761
846
847
849
856
857
858
1116
1117
1118
1121
1122
1087
1086
1214
1215
1216
1222
1223
1224
1245
1246
1247
1252
1254
1255
8834
8835
8837
8844
8845
8797
8796
8798
8799
8802
8803
8762
6338
6339
6341
6342
6349
6350
6351
6375
6376
6377
6383
6385
6386
6459
6460
6462
6468
6469
6471
6741
6742
6743
6746
6747
6712
6711
6826
6827
6828
6834
6835
6836
6856
6857
6858
6864
6866
6867
6940
6943
6944
6950
6951
6953
621
619
625
626
595
594
591
589
724
723
727
732
731
749
748
754
757
759
892
893
848
850
854
855
859
1115
1113
1119
1120
1089
1088
1085
1083
1218
1217
1221
1226
1225
1243
1242
1248
1250
1253
8873
8874
8836
8838
8842
8843
8794
8795
8791
8800
8801
8764
8763
8761
6340
6344
6343
6348
6353
6352
6374
6379
6378
6381
6384
6505
6506
6461
6463
6467
6470
6472
6740
6738
6744
6745
6714
6713
6710
6708
6830
6829
6833
6838
6837
6855
6860
6859
6862
6865
6987
6941
6942
6945
6949
6952
6954
620
618
617
600
599
596
590
588
587
725
726
733
734
750
747
755
756
894
891
890
851
852
853
860
861
1114
1112
1111
1094
1093
1090
1084
1082
1081
1219
1220
1227
1228
1244
1241
1249
1251
8875
8872
8871
8839
8840
8841
8846
8793
8792
8790
8789
8769
8768
8765
8760
8759
6345
6346
6347
6354
6355
6373
6372
6380
6382
6507
6504
6503
6464
6465
6466
6473
6474
6739
6737
6736
6719
6718
6715
6709
6707
6706
6831
6832
6839
6840
6854
6853
6861
6863
6988
6986
6985
6946
6947
6948
6955
6956
615
616
608
601
598
597
585
586
578
577
737
736
735
743
745
746
896
895
888
887
889
877
864
863
862
1109
1110
1102
1095
1092
1091
1079
1080
1072
1071
1231
1230
1229
1237
1239
1240
8877
8876
8869
8868
8870
8849
8848
8847
8787
8786
8788
8777
8770
8767
8766
8757
8758
8750
6359
6358
6357
6356
6368
6370
6371
6509
6508
6501
6500
6502
6478
6477
6476
6475
6734
6735
6727
6720
6717
6716
6704
6705
6697
6696
6843
6842
6841
6849
6851
6852
6990
6989
6983
6982
6984
6960
6959
6958
6957
614
610
609
607
602
603
584
580
579
575
576
738
739
742
744
905
897
898
885
886
878
876
865
866
867
1108
1104
1103
1101
1096
1097
1078
1074
1073
1069
1070
1232
1233
1236
1238
8886
8878
8879
8866
8867
8859
8858
8850
8851
8785
8784
8779
8778
8776
8771
8772
8756
8752
8751
8749
6360
6361
6362
6367
6369
6518
6510
6511
6498
6499
6491
6490
6479
6480
6481
6733
6729
6728
6721
6722
6723
6703
6699
6698
6694
6695
6844
6845
6848
6850
6999
6991
6992
6980
6981
6973
6972
6961
6962
6963
613
612
611
606
605
604
583
582
581
574
573
572
740
741
906
904
901
899
884
881
879
875
872
868
869
1107
1106
1105
1100
1099
1098
1077
1076
1075
1068
1067
1066
1234
1235
8887
8885
8882
8880
8865
8862
8860
8857
8854
8852
8783
8782
8781
8780
8775
8774
8773
8755
8754
8753
8748
8747
6363
6364
6366
6519
6517
6514
6512
6497
6494
6492
6489
6486
6482
6483
6732
6731
6730
6726
6725
6724
6702
6701
6700
6693
6692
6691
6846
6847
7000
6998
6995
6993
6979
6976
6974
6971
6968
6964
6965
538
539
540
545
546
548
549
565
567
568
571
428
427
908
907
903
902
900
883
882
880
874
873
871
870
1022
1023
1024
1029
1030
1032
1052
1053
1055
1056
1062
1064
1065
8889
8888
8884
8883
8881
8864
8863
8861
8856
8855
8853
8713
8712
8714
8715
8720
8721
8723
8739
8740
8742
8743
8746
8590
6365
6521
6520
6516
6515
6513
6496
6495
6493
6488
6487
6485
6484
6647
6648
6649
6654
6655
6657
6677
6678
6680
6681
6687
6689
6690
7002
7001
6997
6996
6994
6978
6977
6975
6970
6969
6967
6966
536
537
541
543
544
547
550
564
566
569
570
429
425
426
909
910
913
914
915
933
934
935
937
938
939
1020
1021
1025
1027
1028
1031
1050
1051
1054
1057
1061
1063
9033
8890
8891
8892
8897
8898
8899
8920
8921
8922
8924
8925
8711
8709
8710
8716
8718
8719
8722
8737
8738
8741
8744
8745
8591
8589
6522
6523
6524
6529
6530
6531
6552
6553
6554
6556
6557
6558
6645
6646
6650
6652
6653
6656
6675
6676
6679
6682
6686
6688
7158
7003
7004
7005
7010
7011
7012
7032
7033
7034
7037
7038
7039
535
534
533
542
556
551
552
563
562
434
433
430
424
423
422
911
912
916
917
932
931
930
936
940
941
1019
1018
1017
1026
1036
1033
1049
1048
1047
1058
1060
9034
9032
9031
8893
8894
8896
8900
8901
8919
8918
8917
8923
8926
8708
8707
8706
8705
8717
8727
8724
8736
8735
8734
8596
8595
8592
8588
8587
6525
6526
6528
6532
6533
6551
6550
6549
6555
6559
6560
6644
6643
6642
6651
6661
6658
6674
6673
6672
6683
6685
7159
7157
7156
7006
7007
7009
7013
7014
7031
7030
7035
7036
7040
7041
531
532
524
523
555
554
553
560
561
435
432
431
419
420
421
412
920
919
918
926
927
929
944
943
942
1015
1016
1008
1007
1035
1034
1043
1044
1046
1059
9036
9035
9028
9029
9030
8895
8904
8903
8902
8913
8914
8916
8928
8927
8702
8703
8704
8693
8692
8726
8725
8731
8732
8733
8597
8594
8593
8584
8585
8586
6527
6536
6535
6534
6545
6546
6548
6563
6562
6561
6640
6641
6633
6632
6660
6659
6668
6669
6671
6684
7161
7160
7153
7154
7155
7008
7017
7016
7015
7026
7028
7029
7044
7043
7042
530
526
525
522
521
557
558
446
445
444
436
437
418
417
413
411
410
921
922
925
928
956
946
945
947
1014
1010
1009
1006
1005
1037
1042
1041
1045
9045
9037
9038
9027
9026
9022
9021
8905
8906
8907
8912
8915
8937
8930
8929
8701
8700
8695
8694
8691
8690
8728
8730
8608
8607
8606
8598
8599
8583
8582
8578
8577
6537
6538
6539
6544
6547
6575
6564
6565
6566
6639
6635
6634
6631
6630
6662
6667
6666
6670
7170
7162
7163
7152
7151
7147
7146
7018
7019
7020
7025
7027
7056
7045
7046
7047
529
527
528
520
518
519
559
447
448
443
441
438
416
415
414
409
408
407
923
924
957
955
952
948
949
1013
1011
1012
1004
1002
1003
1039
1040
9046
9044
9042
9039
9025
9024
9023
9020
9019
8908
8909
8911
8938
8936
8933
8931
8699
8698
8696
8697
8689
8687
8688
8729
8609
8610
8605
8603
8600
8581
8580
8579
8576
8575
6540
6541
6543
6576
6574
6571
6567
6568
6638
6636
6637
6629
6627
6628
6664
6665
7171
7169
7167
7164
7150
7149
7148
7145
7144
7021
7022
7024
7057
7055
7052
7048
7049
508
509
510
515
516
517
451
450
449
442
440
439
397
398
400
401
405
406
370
959
958
954
953
951
950
988
989
990
998
999
1001
1038
9048
9047
9043
9041
9040
9009
9010
9012
9013
9017
9018
8910
8940
8939
8935
8934
8932
8677
8678
8679
8680
8685
8686
8644
8613
8612
8611
8604
8602
8601
8565
8566
8568
8569
8573
8574
6542
6578
6577
6573
6572
6570
6569
6613
6614
6615
6623
6624
6626
6663
7173
7172
7168
7166
7165
7134
7135
7137
7138
7142
7143
7023
7059
7058
7054
7053
7051
7050
507
506
511
514
483
482
452
453
454
455
461
462
396
395
399
402
404
371
369
368
960
961
966
965
967
987
986
991
997
996
1000
9049
9050
9051
9052
9058
9059
9008
9007
9011
9014
9016
8977
8976
8941
8942
8943
8950
8949
8676
8675
8674
8681
8684
8646
8645
8614
8615
8616
8617
8623
8624
8564
8563
8567
8570
8572
8539
8538
6579
6580
6581
6586
6587
6588
6612
6611
6616
6622
6621
6625
7174
7175
7176
7177
7183
7184
7133
7132
7136
7139
7141
7102
7101
7060
7061
7062
7067
7068
7069
505
504
512
513
484
485
481
456
457
458
460
463
394
393
392
403
374
372
367
366
365
962
963
964
968
985
984
992
994
995
9085
9084
9053
9054
9055
9057
9060
9006
9005
9004
9015
8980
8978
8975
8974
8944
8945
8947
8948
8673
8672
8671
8682
8683
8647
8648
8643
8618
8619
8620
8622
8625
8562
8561
8560
8571
8542
8540
8537
8536
6582
6583
6585
6589
6590
6610
6609
6617
6619
6620
7210
7209
7178
7179
7180
7182
7185
7131
7130
7129
7140
7105
7103
7100
7099
7063
7064
7066
7070
7071
501
502
495
488
487
486
478
479
480
459
465
464
389
390
391
376
375
373
362
363
364
355
971
970
969
979
980
982
993
9087
9086
9080
9081
9083
9056
9062
9061
9001
9002
9003
8982
8981
8979
8971
8972
8973
8946
8952
8951
8667
8668
8669
8658
8651
8650
8649
8639
8640
8642
8621
8627
8626
8557
8558
8559
8544
8543
8541
8533
8534
8535
6584
6593
6592
6591
6604
6605
6607
6618
7212
7211
7205
7206
7208
7181
7187
7186
7126
7127
7128
7107
7106
7104
7096
7097
7098
7065
7074
7073
7072
500
503
496
489
490
491
477
476
472
466
467
468
388
387
383
382
377
378
361
360
356
354
353
972
973
978
981
983
9088
9089
9090
9079
9082
9072
9063
9064
9065
9000
8999
8992
8991
8983
8984
8970
8969
8962
8961
8953
8954
8666
8665
8670
8659
8652
8653
8654
8638
8641
8634
8628
8629
8630
8556
8555
8551
8550
8545
8546
8532
8531
8527
8526
6594
6595
6596
6603
6606
6608
7213
7214
7215
7204
7207
7197
7188
7189
7190
7125
7124
7117
7116
7108
7109
7095
7094
7087
7086
7075
7076
7077
499
498
497
494
493
492
475
474
473
471
470
469
386
385
384
381
380
379
359
358
357
352
351
350
974
976
977
9097
9096
9092
9091
9078
9074
9073
9071
9069
9066
8998
8995
8993
8990
8987
8985
8968
8965
8963
8960
8957
8955
8664
8662
8661
8660
8657
8656
8655
8637
8636
8635
8633
8632
8631
8554
8553
8552
8549
8548
8547
8530
8529
8528
8525
8524
6598
6597
6601
6602
7222
7220
7217
7216
7203
7199
7198
7196
7194
7191
7123
7121
7118
7115
7112
7110
7093
7090
7088
7085
7082
7079
7078
169
170
173
179
180
183
203
204
206
213
214
216
217
302
304
305
311
314
315
335
337
339
345
346
349
975
9099
9098
9095
9094
9093
9077
9076
9075
9070
9068
9067
8997
8996
8994
8989
8988
8986
8967
8966
8964
8959
8958
8956
8663
8364
8365
8368
8374
8375
8378
8397
8398
8401
8408
8409
8411
8412
8485
8487
8488
8494
8497
8498
8514
8516
8518
8522
8523
6599
6600
7224
7223
7221
7219
7218
7202
7201
7200
7195
7193
7192
7122
7120
7119
7114
7113
7111
7092
7091
7089
7084
7083
7081
7080
168
171
172
178
181
182
184
202
205
207
212
215
218
301
303
306
310
313
316
334
336
338
344
347
348
9100
9101
9103
9109
9110
9111
9132
9133
9134
9135
9140
9141
9142
9232
9233
9234
9237
9239
9240
9259
9260
9261
9266
9267
8363
8362
8366
8367
8373
8376
8377
8396
8399
8400
8402
8407
8410
8413
8484
8486
8489
8493
8496
8499
8513
8515
8517
8521
7875
7874
7225
7226
7228
7234
7235
7236
7257
7258
7259
7260
7265
7266
7267
7356
7357
7358
7362
7364
7365
7384
7385
7386
7390
7391
7393
167
165
174
176
177
186
185
201
209
208
211
220
219
299
298
307
309
312
317
333
331
340
342
343
9722
9723
9102
9104
9107
9108
9112
9131
9129
9137
9136
9139
9144
9143
9230
9229
9235
9236
9238
9241
9258
9256
9262
9264
9265
8360
8361
8357
8369
8371
8372
8379
8395
8393
8404
8403
8406
8415
8414
8483
8491
8490
8492
8495
8500
8512
8510
8519
8520
7876
7872
7873
7227
7229
7232
7233
7237
7256
7254
7262
7261
7264
7269
7268
7355
7360
7359
7361
7363
7366
7382
7381
7387
7389
7392
7394
166
164
163
175
189
187
188
200
199
210
223
222
221
300
297
296
308
319
318
332
330
329
341
9724
9721
9720
9719
9105
9106
9114
9113
9130
9128
9127
9138
9147
9146
9145
9231
9228
9227
9244
9243
9242
9257
9255
9254
9263
9268
8359
8358
8356
8355
8370
8381
8380
8394
8392
8391
8405
8418
8417
8416
8482
8481
8480
8503
8502
8501
8511
8509
7879
7878
7877
7871
7870
7869
7230
7231
7239
7238
7255
7253
7252
7263
7272
7271
7270
7354
7353
7352
7369
7368
7367
7383
7380
7379
7388
7396
7395
161
162
154
153
190
191
192
197
198
224
225
227
228
295
290
289
288
320
321
325
326
328
9725
9726
9717
9716
9718
9707
9115
9116
9118
9124
9125
9126
9148
9149
9151
9152
9226
9221
9220
9219
9245
9246
9250
9251
9253
9269
9270
8353
8352
8354
8343
8342
8382
8383
8388
8389
8390
8419
8420
8422
8423
8479
8474
8473
8472
8504
8505
8508
7889
7880
7881
7882
7867
7866
7868
7857
7240
7241
7243
7249
7250
7251
7273
7274
7276
7277
7351
7346
7345
7344
7370
7371
7375
7377
7378
7397
7398
7400
160
156
155
152
150
194
193
196
236
235
226
230
229
293
291
287
284
283
322
324
327
9731
9732
9727
9714
9715
9709
9708
9706
9117
9119
9122
9123
9160
9159
9150
9154
9153
9224
9222
9218
9215
9214
9247
9249
9252
9275
9276
9271
8350
8351
8345
8344
8341
8339
8384
8386
8387
8431
8430
8421
8425
8424
8478
8475
8471
8468
8467
8506
8507
7890
7887
7888
7883
7864
7865
7859
7858
7856
7242
7244
7247
7248
7285
7284
7275
7279
7278
7350
7347
7343
7340
7339
7372
7374
7376
7406
7407
7399
7401
159
158
157
151
149
148
195
238
237
234
233
232
231
294
292
286
285
282
281
323
9733
9730
9729
9728
9713
9712
9711
9710
9705
9704
9120
9121
9162
9161
9158
9157
9156
9155
9225
9223
9217
9216
9213
9212
9248
9277
9274
9273
9272
8349
8348
8347
8346
8340
8338
8337
8385
8433
8432
8429
8428
8427
8426
8477
8476
8470
8469
8466
7893
7892
7891
7886
7885
7884
7863
7862
7861
7860
7855
7854
7245
7246
7287
7286
7283
7282
7281
7280
7349
7348
7342
7341
7338
7337
7373
7408
7405
7404
7403
7402
141
142
143
146
147
112
111
239
240
241
247
248
249
270
271
272
277
279
280
9734
9735
9737
9744
9745
9697
9696
9698
9699
9702
9703
9662
9163
9164
9166
9167
9174
9175
9176
9201
9202
9203
9208
9210
9211
9278
9279
9281
9288
9289
8330
8329
8331
8332
8335
8336
8295
8294
8434
8435
8436
8442
8443
8444
8458
8459
8460
8464
8465
7894
7895
7896
7898
7904
7905
7847
7846
7848
7849
7852
7853
7812
7288
7289
7291
7292
7299
7300
7301
7325
7326
7327
7333
7335
7336
7409
7412
7413
7419
7420
7422
140
138
144
145
114
113
110
108
243
242
246
251
250
268
267
273
276
278
9773
9774
9736
9738
9742
9743
9694
9695
9691
9700
9701
9664
9663
9661
9165
9169
9168
9173
9178
9177
9199
9198
9204
9206
9209
9317
9318
9280
9282
9286
9287
8327
8328
8324
8333
8334
8297
8296
8293
8291
8438
8437
8441
8446
8445
8457
8462
8461
7939
7936
7934
7935
7897
7899
7903
7906
7844
7845
7841
7850
7851
7814
7813
7811
7290
7294
7293
7298
7303
7302
7324
7329
7328
7331
7334
7456
7410
7411
7414
7418
7421
7423
139
137
136
119
118
115
109
107
106
244
245
252
253
269
266
274
275
9775
9772
9771
9739
9740
9741
9746
9693
9692
9690
9689
9669
9668
9665
9660
9659
9170
9171
9172
9179
9180
9200
9197
9205
9207
9319
9316
9315
9283
9284
9285
9290
8326
8325
8323
8322
8302
8301
8298
8292
8290
8289
8439
8440
8447
8448
8456
8455
8463
7940
7937
7933
7932
7900
7901
7902
7907
7843
7842
7840
7839
7819
7818
7815
7810
7809
7295
7296
7297
7304
7305
7323
7322
7330
7332
7457
7455
7454
7415
7416
7417
7424
7425
134
135
127
120
117
116
104
105
97
96
256
255
254
262
264
265
9777
9776
9769
9768
9770
9758
9748
9747
9687
9686
9688
9677
9670
9667
9666
9657
9658
9650
9184
9183
9182
9181
9193
9195
9196
9321
9320
9313
9312
9314
9293
9292
9291
8320
8319
8321
8310
8303
8300
8299
8287
8288
8280
8279
8451
8450
8449
8454
7952
7942
7941
7938
7930
7929
7931
7910
7909
7908
7837
7836
7838
7827
7820
7817
7816
7807
7808
7800
7309
7308
7307
7306
7318
7320
7321
7459
7458
7452
7451
7453
7429
7428
7427
7426
133
129
128
126
121
122
103
99
98
95
93
257
258
260
263
9786
9778
9779
9766
9767
9759
9757
9749
9750
9684
9685
9679
9678
9676
9671
9672
9656
9652
9651
9649
9185
9186
9187
9191
9194
9330
9322
9323
9310
9311
9303
9302
9294
9295
8317
8318
8312
8311
8309
8304
8305
8286
8282
8281
8278
8276
8452
8453
7958
7953
7951
7943
7944
7927
7928
7920
7919
7911
7912
7834
7835
7829
7828
7821
7822
7823
7806
7802
7801
7799
7310
7311
7312
7317
7319
7468
7460
7461
7450
7445
7442
7441
7430
7431
7432
132
131
130
125
124
123
102
101
100
94
92
91
259
261
9787
9785
9782
9780
9765
9762
9760
9756
9753
9751
9683
9682
9681
9680
9675
9674
9673
9655
9654
9653
9648
9647
9188
9189
9192
9331
9329
9326
9324
9309
9306
9304
9301
9298
9296
8316
8315
8314
8313
8308
8307
8306
8285
8284
8283
8277
8275
8274
7959
7957
7954
7950
7947
7945
7926
7923
7921
7918
7915
7913
7833
7832
7831
7830
7826
7825
7824
7805
7804
7803
7798
7797
7313
7314
7316
7469
7467
7464
7462
7449
7446
7443
7440
7437
7433
7434
47
48
49
54
55
57
58
78
80
81
87
89
90
9789
9788
9784
9783
9781
9764
9763
9761
9755
9754
9752
9613
9612
9614
9615
9620
9621
9623
9639
9640
9642
9643
9646
9478
9190
9333
9332
9328
9327
9325
9308
9307
9305
9300
9299
9297
8240
8239
8241
8242
8247
8248
8250
8266
8267
8269
8270
8273
8105
7960
7956
7955
7949
7948
7946
7925
7924
7922
7917
7916
7914
7763
7762
7764
7765
7770
7771
7773
7789
7790
7792
7793
7796
7628
7315
7471
7470
7466
7465
7463
7448
7447
7444
7439
7438
7436
7435
45
46
50
52
53
56
59
77
79
82
86
88
9933
9790
9791
9792
9797
9798
9799
9820
9821
9822
9824
9825
9611
9609
9610
9616
9618
9619
9622
9637
9638
9641
9644
9645
9479
9477
9334
9335
9336
9341
9342
9343
9364
9365
9366
9368
9369
8238
8236
8237
8243
8245
8246
8249
8264
8265
8268
8271
8272
8106
8104
7961
7962
7963
7968
7969
7970
7991
7992
7993
7995
7996
7761
7759
7760
7766
7768
7769
7772
7787
7788
7791
7794
7795
7629
7627
7472
7473
7474
7479
7480
7481
7501
7502
7503
7506
7507
7508
44
43
42
51
65
60
61
76
75
83
85
9934
9932
9931
9793
9794
9796
9800
9801
9819
9818
9817
9823
9826
9608
9607
9606
9605
9617
9627
9624
9636
9635
9634
9484
9483
9480
9476
9475
9337
9338
9340
9344
9345
9363
9362
9361
9367
9370
8235
8234
8233
8232
8244
8254
8251
8263
8262
8261
8111
8110
8107
8103
8102
7964
7965
7967
7971
7972
7990
7989
7988
7994
7997
7758
7757
7756
7755
7767
7777
7774
7786
7785
7784
7634
7633
7630
7626
7625
7475
7476
7478
7482
7483
7500
7499
7504
7505
7509
7510
40
41
33
32
64
63
62
72
74
84
9936
9935
9928
9929
9930
9795
9804
9803
9802
9813
9814
9816
9828
9827
9602
9603
9604
9593
9592
9626
9625
9631
9632
9633
9485
9482
9481
9472
9473
9474
9339
9348
9347
9346
9357
9358
9360
9372
9371
8229
8230
8231
8220
8219
8253
8252
8258
8259
8260
8112
8109
8108
8099
8100
8101
7966
7975
7974
7973
7984
7985
7987
7999
7998
7752
7753
7754
7743
7742
7776
7775
7781
7782
7783
7635
7632
7631
7622
7623
7624
7477
7486
7485
7484
7495
7497
7498
7513
7512
7511
39
35
34
31
30
66
67
71
73
9945
9937
9938
9927
9926
9922
9921
9805
9806
9807
9812
9815
9837
9830
9829
9601
9600
9595
9594
9591
9590
9628
9630
9496
9495
9494
9486
9487
9471
9470
9466
9465
9349
9350
9351
9356
9359
9381
9374
9373
8228
8227
8222
8221
8218
8217
8255
8257
8123
8122
8121
8113
8114
8098
8097
8093
8092
7976
7977
7978
7983
7986
8008
8000
8001
7751
7750
7745
7744
7741
7740
7778
7780
7646
7645
7644
7636
7637
7621
7620
7616
7615
7487
7488
7489
7494
7496
7525
7514
7515
7516
38
36
37
29
27
28
68
70
9946
9944
9942
9939
9925
9924
9923
9920
9919
9808
9809
9811
9838
9836
9833
9831
9599
9598
9596
9597
9589
9587
9588
9629
9497
9498
9493
9491
9488
9469
9468
9467
9464
9463
9352
9353
9355
9382
9380
9377
9375
8226
8225
8223
8224
8216
8214
8215
8256
8124
8125
8120
8118
8115
8096
8095
8094
8091
8090
7979
7980
7982
8009
8007
8004
8002
7749
7748
7746
7747
7739
7737
7738
7779
7647
7648
7643
7641
7638
7619
7618
7617
7614
7613
7490
7491
7493
7526
7524
7521
7517
7518
13
14
15
23
24
26
69
9948
9947
9943
9941
9940
9909
9910
9912
9913
9917
9918
9810
9840
9839
9835
9834
9832
9577
9578
9579
9580
9585
9586
9538
9501
9500
9499
9492
9490
9489
9453
9454
9456
9457
9461
9462
9354
9384
9383
9379
9378
9376
8204
8205
8206
8207
8212
8213
8165
8128
8127
8126
8119
8117
8116
8080
8081
8083
8084
8088
8089
7981
8011
8010
8006
8005
8003
7728
7729
7730
7731
7735
7736
7688
7651
7650
7649
7642
7640
7639
7603
7604
7606
7607
7611
7612
7492
7528
7527
7523
7522
7520
7519
12
11
16
22
21
25
9949
9950
9951
9952
9958
9959
9908
9907
9911
9914
9916
9877
9876
9841
9842
9843
9850
9849
9576
9575
9574
9581
9584
9540
9539
9502
9503
9504
9505
9511
9512
9452
9451
9455
9458
9460
9421
9420
9385
9386
9387
9394
9393
8203
8202
8201
8208
8211
8167
8166
8129
8130
8131
8132
8138
8139
8079
8078
8082
8085
8087
8048
8047
8012
8013
8014
8019
8020
7727
7726
7725
7732
7734
7690
7689
7652
7653
7654
7655
7661
7662
7602
7601
7605
7608
7610
7571
7570
7529
7530
7531
7536
7537
7538
10
9
17
19
20
9985
9984
9953
9954
9955
9957
9960
9906
9905
9904
9915
9880
9878
9875
9874
9844
9845
9847
9848
9573
9572
9571
9582
9583
9541
9542
9537
9506
9507
9508
9510
9513
9450
9449
9448
9459
9424
9422
9419
9418
9388
9389
9391
9392
8200
8199
8198
8209
8210
8168
8169
8164
8133
8134
8135
8137
8140
8077
8076
8075
8086
8051
8049
8046
8045
8015
8016
8018
8021
7724
7723
7722
7733
7695
7691
7692
7687
7656
7657
7658
7660
7663
7600
7599
7598
7609
7574
7572
7569
7568
7532
7533
7535
7539
7540
4
5
7
18
9987
9986
9981
9982
9983
9956
9962
9961
9901
9902
9903
9882
9881
9879
9871
9872
9873
9846
9852
9851
9567
9568
9569
9555
9545
9544
9543
9533
9534
9536
9509
9515
9514
9445
9446
9447
9426
9425
9423
9415
9416
9417
9390
9396
9395
8194
8195
8196
8182
8172
8171
8170
8160
8161
8163
8136
8142
8141
8072
8073
8074
8053
8052
8050
8042
8043
8044
8017
8023
8022
7718
7719
7720
7706
7696
7694
7693
7683
7684
7686
7659
7665
7664
7595
7596
7597
7576
7575
7573
7565
7566
7567
7534
7543
7542
7541
3
6
8
9988
9989
9990
9980
9979
9972
9963
9964
9965
9900
9899
9892
9891
9883
9884
9870
9869
9862
9861
9853
9854
9566
9565
9570
9556
9546
9547
9548
9532
9535
9525
9516
9517
9518
9444
9443
9436
9435
9427
9428
9414
9413
9406
9405
9397
9398
8193
8192
8197
8183
8173
8174
8175
8159
8162
8152
8143
8144
8145
8071
8070
8063
8062
8054
8055
8041
8040
8033
8032
8024
8025
7717
7716
7721
7707
7697
7698
7699
7682
7685
7675
7666
7667
7668
7594
7593
7586
7585
7577
7578
7564
7563
7556
7555
7544
7545
7546
1
2
9997
9996
9992
9991
9978
9974
9973
9971
9969
9966
9898
9895
9893
9890
9887
9885
9868
9865
9863
9860
9857
9855
9564
9561
9558
9557
9554
9550
9549
9531
9527
9526
9524
9522
9519
9442
9439
9437
9434
9431
9429
9412
9409
9407
9404
9401
9399
8191
8188
8185
8184
8181
8177
8176
8158
8154
8153
8151
8149
8146
8069
8067
8064
8061
8058
8056
8039
8036
8034
8031
8028
8026
7715
7712
7709
7708
7704
7701
7700
7681
7677
7676
7674
7672
7669
7592
7590
7587
7584
7581
7579
7562
7559
7557
7554
7551
7548
7547
0
9999
9998
9995
9994
9993
9977
9976
9975
9970
9968
9967
9897
9896
9894
9889
9888
9886
9867
9866
9864
9859
9858
9856
9563
9562
9560
9559
9553
9552
9551
9530
9529
9528
9523
9521
9520
9441
9440
9438
9433
9432
9430
9411
9410
9408
9403
9402
9400
8190
8189
8187
8186
8180
8179
8178
8157
8156
8155
8150
8148
8147
8068
8066
8065
8060
8059
8057
8038
8037
8035
8030
8029
8027
7714
7713
7711
7710
7705
7703
7702
7680
7679
7678
7673
7671
7670
7591
7589
7588
7583
7582
7580
7561
7560
7558
7553
7552
7550
7549
